   1.1700000e+01   1.8080670e-02
   1.2700000e+01   6.0109290e-02
   1.3750000e+01   5.8575450e-03
   1.3250000e+01   1.0263930e-02
   1.4300000e+01   2.1052630e-01
   1.5300000e+01   4.0843210e-02
   1.1400000e+01  -2.9641190e-02
   1.2400000e+01  -6.4308680e-03
   1.3400000e+01   5.6634300e-02
   1.0550000e+01   1.0804320e-01
   1.1500000e+01   2.1991250e-01
   1.2550000e+01   7.6640850e-02
   1.2750000e+01   9.6413870e-02
   1.3700000e+01   4.3816940e-02
   1.4750000e+01   4.7489820e-02
   1.8000000e+01   5.8365760e-03
   1.3200000e+01   1.0699590e-01
   1.4250000e+01   9.4626560e-02
   1.5300000e+01   1.4590350e-02
   1.2950000e+01   1.9446430e-01
   9.7000000e+00   3.1367630e-02
   1.6200000e+01   1.7823640e-02
   1.7200000e+01   1.1981570e-02
   1.8300000e+01  -2.3527630e-02
   1.3100000e+01   1.8950440e-02
   1.4100000e+01   7.4391990e-02
   1.5100000e+01   5.7256990e-02
   1.6200000e+01   3.6529680e-02
   1.7750000e+01   1.4684290e-02
   1.2600000e+01   1.7563740e-01
   1.4150000e+01   7.0567990e-02
   1.6000000e+01   3.7678210e-02
   1.4500000e+01   1.7970400e-02
   1.1700000e+01  -6.0975610e-03
   2.1400000e+01  -3.1559960e-02
   2.2400000e+01   6.5176910e-03
   1.8800000e+01   1.0829210e-02
   1.5050000e+01   3.4203420e-02
   1.6400000e+01  -1.6698470e-02
   1.2650000e+01   8.9869280e-02
   1.4200000e+01   4.6471600e-02
   1.5300000e+01   5.9318790e-02
   1.6200000e+01   1.4290820e-02
   1.7150000e+01   4.2507970e-02
   1.0950000e+01   2.8998120e-02
   1.2000000e+01   1.1591960e-01
   1.2950000e+01   1.0156970e-01
   1.3300000e+01   1.3737620e-01
   1.4300000e+01   6.4200220e-02
   1.5300000e+01  -1.4314930e-02
   1.2300000e+01   6.7146280e-02
   1.3300000e+01   1.4382020e-01
   1.4300000e+01   6.6797640e-02
   2.0200000e+01   3.9717560e-03
   2.4300000e+01  -1.6955540e-02
   2.5550000e+01   9.4674560e-03
   2.3900000e+01   2.0676690e-02
   1.6100000e+01   3.7805660e-02
   1.7250000e+01  -3.9452700e-02
   1.8300000e+01   2.4131270e-02
   1.1850000e+01   3.3402100e-02
   1.3050000e+01   7.5664850e-02
   1.4050000e+01   1.5568110e-01
   1.1150000e+01   4.0067810e-02
   1.2100000e+01   5.8902280e-02
   1.3100000e+01   2.9077120e-02
   1.0250000e+01   1.9323670e-03
   1.1200000e+01   8.6805560e-03
   1.2250000e+01   2.8164610e-02
   1.1400000e+01   4.5312500e-02
   1.2500000e+01   6.7264570e-02
   1.3500000e+01   1.6078840e-01
   1.1050000e+01  -3.9682540e-02
   1.1950000e+01   1.1659810e-01
   1.2900000e+01   1.3268160e-01
   2.4900000e+01  -4.4365570e-03
   1.9150000e+01   2.6591320e-02
   2.0250000e+01   8.0736320e-04
   2.1300000e+01   1.0647740e-02
   1.5700000e+01   4.1666670e-02
   1.6700000e+01   1.7272730e-02
   1.7750000e+01  -3.2496550e-02
   2.5000000e+01   5.5609760e-02
   2.4900000e+01   6.4935060e-03
   1.0650000e+01   1.2196500e-01
   1.1700000e+01   1.6867470e-01
   1.2700000e+01   5.7169630e-02
   1.5100000e+01   2.9560810e-02
   1.6150000e+01  -8.9492130e-03
   1.7150000e+01  -4.3266130e-02
   1.4350000e+01   6.8288520e-02
   1.5500000e+01   2.6928680e-02
   1.6550000e+01   6.5801840e-03
   1.7650000e+01   5.7435250e-02
   1.8650000e+01   6.8242750e-02
   1.9700000e+01   1.2468830e-02
   1.0600000e+01   1.4836800e-02
   1.1700000e+01   3.2069970e-02
   1.2750000e+01   2.1828450e-02
   1.4000000e+01   4.8502140e-02
   1.0150000e+01   5.9799380e-02
   1.1100000e+01   1.1861610e-01
   1.2100000e+01   1.1192930e-01
   1.4900000e+01   1.0293590e-01
   1.5950000e+01   1.3596770e-01
   1.7150000e+01   4.1453720e-02
   1.7200000e+01   1.9409940e-03
   1.8400000e+01  -1.8066850e-03
   1.9450000e+01   3.0440150e-02
   1.0650000e+01   2.5386850e-02
   1.1650000e+01   1.8686220e-02
   1.2600000e+01   6.6157760e-02
   1.6000000e+01   5.4179570e-02
   1.7000000e+01   1.0132160e-01
   1.8000000e+01   6.1333330e-02
   1.3900000e+01  -2.4764740e-02
   1.4950000e+01   2.2120130e-02
   1.5900000e+01   9.0090090e-02
   1.1700000e+01   1.7730500e-02
   1.2700000e+01  -1.2195120e-02
   1.3750000e+01  -3.2066700e-03
   2.3300000e+01  -5.4585150e-04
   2.4700000e+01   7.2843820e-03
   1.3100000e+01   4.2918450e-02
   9.8000000e+00   6.5459610e-02
   1.0850000e+01   3.0897210e-02
   1.1900000e+01   9.6080910e-02
   1.1050000e+01   1.0407520e-01
   1.2150000e+01   1.3613860e-01
   1.3250000e+01   5.2842740e-02
   1.4250000e+01   6.1451420e-02
   1.5400000e+01   1.0887770e-02
   1.6550000e+01   2.8860030e-02
   1.6400000e+01  -2.8037380e-03
   1.7550000e+01   1.9465070e-02
   1.8750000e+01  -4.9858730e-03
   2.0650000e+01   2.1688050e-02
   2.2000000e+01  -9.7087380e-03
   1.0000000e+01   6.4463200e-02
   1.1150000e+01   1.4004270e-01
   1.2250000e+01   1.7174000e-01
   1.5150000e+01   6.5359480e-02
   1.6100000e+01   2.6666670e-02
   1.7250000e+01  -9.1575090e-03
   1.3150000e+01   4.5897880e-02
   1.4100000e+01  -1.4876030e-02
   1.5250000e+01   1.0454310e-01
   1.5100000e+01   1.0030090e-02
   1.3050000e+01   1.0293290e-01
   1.4050000e+01   1.7738360e-01
   1.5050000e+01   6.1548430e-02
   1.1150000e+01   4.7246660e-02
   1.2100000e+01   9.1420530e-02
   1.3150000e+01   1.7104030e-01
   1.1950000e+01   1.7118550e-01
   1.3250000e+01   1.3036460e-01
   1.4350000e+01   4.2377160e-02
   1.9800000e+01  -1.8382350e-02
   2.3450000e+01  -1.0417390e-02
   1.5800000e+01  -3.4406830e-03
   1.7050000e+01   3.0801720e-02
   1.8100000e+01  -1.8726590e-03
   1.8650000e+01   1.1133790e-02
   2.2250000e+01   1.9433010e-02
   2.3250000e+01   6.4344150e-03
   2.4300000e+01  -1.3052210e-02
   1.3150000e+01   7.2035340e-02
   1.4850000e+01   4.0672060e-02
   1.9200000e+01   2.6561140e-02
   1.2550000e+01   1.4384980e-01
   1.3800000e+01   1.4908770e-01
   1.5050000e+01   4.3557800e-02
   2.3450000e+01   1.0185890e-02
   1.9600000e+01  -5.0748540e-03
   2.0800000e+01   3.6672630e-02
   2.1850000e+01   1.6471880e-02
   1.8050000e+01   1.5503880e-02
   1.9550000e+01   0.0000000e+00
   2.4000000e+01   5.2410900e-03
   1.2050000e+01   1.3448610e-01
   1.3100000e+01   1.5959730e-01
   1.4250000e+01   6.5705600e-02
   1.5750000e+01  -7.2007200e-03
   1.6900000e+01  -9.1483700e-03
   1.7950000e+01   1.3454420e-02
   1.7900000e+01   1.4556040e-02
   1.9050000e+01  -2.0483810e-02
   2.0050000e+01   1.7075250e-02
   1.8750000e+01  -1.7578950e-02
   1.9950000e+01   2.7126100e-02
   2.1000000e+01  -1.6444790e-02
   1.5200000e+01   8.3559170e-02
   1.6250000e+01   4.8850390e-02
   1.7400000e+01   2.3089170e-02
   1.3750000e+01   6.4126740e-02
   1.4900000e+01   5.7332040e-02
   1.1500000e+01   6.3914780e-02
   1.2650000e+01   1.3285840e-01
   1.3800000e+01   1.0992530e-01
   1.2150000e+01   2.7063600e-02
   1.3400000e+01   1.1732680e-01
   1.4600000e+01   7.7878100e-02
   9.6500000e+00   1.0002530e-01
   1.0900000e+01   1.1471590e-01
   1.2100000e+01   9.7297300e-03
   1.0250000e+01   7.6923080e-02
   1.1550000e+01   6.5626680e-02
   1.2700000e+01   8.1185570e-02
   1.6500000e+01   2.2022550e-02
   1.7650000e+01   7.4899350e-03
   1.8700000e+01   7.1501530e-03
   1.4350000e+01   7.3894020e-02
   1.5500000e+01   2.7200790e-02
   1.6600000e+01   1.1494250e-02
   1.8700000e+01   0.0000000e+00
   2.0250000e+01   1.3848940e-02
   1.2250000e+01   7.2681130e-02
   1.3350000e+01   1.7839970e-01
   1.4400000e+01   1.0805500e-02
   1.0150000e+01   9.3035620e-03
   1.1250000e+01   2.2365480e-02
   1.2300000e+01   1.9774010e-02
   2.2000000e+01   3.4659820e-02
   2.3050000e+01  -3.1581320e-02
   2.4100000e+01  -8.9974290e-03
   1.7950000e+01   1.7060370e-02
   1.9300000e+01   1.9993600e-02
   9.9500000e+00   1.5847860e-02
   1.1100000e+01   5.7797810e-02
   1.6050000e+01   6.7313520e-02
   1.7650000e+01   7.6036100e-02
   2.2900000e+01  -3.1746030e-03
   2.4100000e+01  -2.0713830e-02
   2.5200000e+01   9.8039220e-04
   1.0100000e+01   4.9630660e-02
   1.3000000e+01   1.0050680e-01
   9.8000000e+00   3.8265310e-03
   1.1150000e+01   3.0058750e-02
   1.5850000e+01   4.3033890e-02
   1.7400000e+01   5.3348050e-02
   1.7150000e+01   3.6327310e-03
   1.8250000e+01  -2.3518770e-02
   1.9350000e+01   2.2286190e-02
   1.6700000e+01  -1.9692090e-02
   1.7950000e+01   1.6924770e-02
   1.9400000e+01  -4.0355130e-03
   2.0700000e+01  -5.0648300e-03
   1.0150000e+01   4.0374680e-02
   1.0150000e+01   5.8224160e-02
   1.8750000e+01  -1.7482520e-02
   1.0650000e+01  -4.2764520e-02
   1.1750000e+01   6.2246670e-02
   1.2800000e+01   7.0044710e-02
   1.1550000e+01   4.4490580e-02
   1.2600000e+01   1.3996890e-01
   1.3650000e+01   1.5006820e-01
   1.8350000e+01  -3.5826240e-03
   1.9400000e+01  -1.5825910e-02
   2.0450000e+01   4.0201010e-02
   1.8600000e+01   1.6622340e-02
   1.9950000e+01  -2.8261890e-03
   1.7150000e+01   4.8313940e-02
   1.8500000e+01   0.0000000e+00
   1.6950000e+01   1.3959300e-02
   1.8100000e+01  -1.0318950e-02
   2.1500000e+01  -4.6554930e-03
   1.6900000e+01   4.8649270e-03
   1.9900000e+01   1.2608750e-02
   2.1700000e+01  -2.3873190e-02
   1.2800000e+01   8.0536910e-02
   1.4250000e+01   1.4477190e-02
   1.8950000e+01  -1.2003840e-02
   1.9950000e+01   1.4867680e-02
   2.0950000e+01   7.2023050e-03
   1.9350000e+01   6.4977260e-03
   2.0850000e+01   1.1939280e-02
   1.5600000e+01   1.7784960e-02
   1.7150000e+01   3.1771250e-02
   2.4000000e+01   2.6534000e-02
   2.5200000e+01   1.6072000e-03
   2.0200000e+01   1.5000000e-03
   2.1750000e+01   3.6254870e-02
   2.0650000e+01  -3.4650030e-03
   1.9150000e+01  -2.2193770e-02
   2.0550000e+01   2.3212360e-02
   2.0500000e+01   7.8333070e-03
   1.8750000e+01   3.1296570e-02
   1.9800000e+01   1.5847860e-03
   2.3050000e+01  -1.0427530e-02
   2.0150000e+01  -7.8302400e-03
   2.1200000e+01  -9.5569070e-03
   2.2150000e+01   1.6569200e-02
   2.1850000e+01   5.0089450e-03
   2.3350000e+01   0.0000000e+00
   2.0900000e+01  -4.9751240e-03
   2.2000000e+01   1.7361110e-02
   2.0400000e+01   6.3198830e-03
   1.3400000e+01   4.7563810e-02
   1.4350000e+01   3.6913990e-03
   2.0950000e+01   1.1988010e-02
   2.2200000e+01   8.5218470e-03
   1.3900000e+01   4.3580680e-02
   1.4900000e+01   1.0158010e-01
   1.5900000e+01   2.8688520e-02
   1.5500000e+01   3.7521820e-02
   1.6500000e+01  -1.6820860e-03
   1.7500000e+01   7.5821400e-03
   2.4700000e+01   3.1250000e-02
   1.9150000e+01   2.6455030e-02
   2.0150000e+01  -9.6098400e-03
   2.1250000e+01  -3.3022530e-02
   2.3700000e+01  -1.5311000e-02
   2.4700000e+01   2.9154520e-03
   1.9000000e+01  -1.0866610e-02
   2.0150000e+01   1.3512500e-02
   1.9800000e+01   2.0318020e-02
   1.3750000e+01   1.3570490e-01
   1.4900000e+01   3.9932740e-02
   2.3800000e+01   3.6964980e-02
   2.4800000e+01  -1.1257040e-02
   2.3250000e+01  -5.1457980e-03
   2.4250000e+01   5.2709260e-03
   2.1300000e+01  -1.8552880e-03
   2.1900000e+01  -2.0230310e-02
   2.2950000e+01   7.4428500e-03
   1.3950000e+01   2.1122760e-02
   2.1800000e+01   1.7497810e-02
   2.2850000e+01  -3.9988570e-02
   1.5650000e+01   1.3298180e-01
   1.6700000e+01   1.0671070e-01
   1.0750000e+01   4.2717930e-02
   1.1900000e+01   4.3244510e-02
   1.3050000e+01  -2.6913880e-02
   1.4150000e+01   4.1602470e-02
   1.5350000e+01   9.7868640e-02
   1.6450000e+01   2.7488710e-02
   2.2950000e+01  -9.7783570e-03
   2.4100000e+01   3.4334760e-03
   1.1100000e+01   1.2044200e-01
   1.2100000e+01   1.5779090e-02
   1.8100000e+01  -5.9820540e-03
   1.9350000e+01  -1.5379470e-02
   1.2750000e+01   6.3399310e-02
   1.6650000e+01   0.0000000e+00
   2.4150000e+01  -3.5698780e-02
   2.2550000e+01  -2.0671830e-03
   1.7950000e+01   7.6824580e-03
   1.6050000e+01  -2.1474590e-02
   1.7250000e+01  -1.0080650e-02
   1.9250000e+01  -1.2101960e-02
   2.0350000e+01   4.9950050e-02
   1.5200000e+01   7.7565630e-02
   1.6200000e+01   6.0043670e-02
   1.1100000e+01   8.7790380e-02
   1.2200000e+01   8.2111440e-02
   1.3200000e+01   1.1356050e-01
   1.4350000e+01   4.6496710e-02
   2.5150000e+01   2.5860350e-02
   1.6150000e+01   8.7029460e-02
   1.7250000e+01   7.0813400e-02
   1.6150000e+01   3.5178670e-02
   1.4000000e+01   9.9950020e-03
   1.5150000e+01   1.0909090e-01
   1.1650000e+01   1.2950010e-03
   1.2700000e+01   4.4096730e-02
   1.2650000e+01   1.2066540e-01
   1.3700000e+01   6.5984070e-02
   1.2050000e+01   4.3636360e-02
   1.3150000e+01  -8.6745320e-04
   1.3750000e+01   1.0660980e-01
   1.4900000e+01   7.9516540e-04
   1.1100000e+01   9.5255650e-02
   1.5200000e+01   2.8153150e-02
   1.6350000e+01   5.9417710e-03
   1.0450000e+01   1.6695450e-01
   1.1400000e+01   1.1148650e-01
   1.8100000e+01   2.1848520e-02
   2.0400000e+01   7.2604070e-03
   2.2050000e+01  -5.6320400e-03
   1.3450000e+01   8.6908790e-02
   1.0350000e+01   2.8800840e-02
   1.5000000e+01   2.5329280e-02
   1.0650000e+01   4.8100050e-02
   1.1750000e+01   1.2677020e-01
   1.0050000e+01   1.1279040e-01
   9.8000000e+00   9.7472920e-02
   1.0850000e+01  -2.5418660e-02
   1.4550000e+01  -8.6323840e-03
   2.3950000e+01   7.3742130e-03
   1.1950000e+01   5.4388750e-02
   1.3850000e+01   3.3976120e-02
   1.4850000e+01   3.3538890e-02
   1.5000000e+01   2.5678650e-02
   1.6000000e+01   1.2160230e-02
   1.6500000e+01   2.0682520e-03
   1.3600000e+01   6.4935060e-02
   1.3350000e+01   4.1156610e-02
   1.4700000e+01   5.8792920e-02
   1.3800000e+01   5.3705690e-02
   9.9500000e+00   1.6054730e-02
   1.1500000e+01   3.5392540e-02
   1.2300000e+01   2.2160660e-02
   1.3350000e+01   1.9709290e-02
   1.1100000e+01   2.1739130e-02
   1.2200000e+01   4.9867020e-02
   1.0600000e+01   9.1968910e-02
   1.1700000e+01   1.9078690e-01
   1.4000000e+01   2.7686630e-02
   1.4950000e+01   1.3132930e-02
   1.0750000e+01   4.4191920e-02
   1.1750000e+01   1.6145060e-02
   1.6250000e+01   2.6686680e-02
   1.8850000e+01   9.2539040e-03
   1.2750000e+01   1.4745310e-01
   1.4000000e+01   4.6103180e-02
   1.0500000e+01   1.1822190e-02
   1.1800000e+01   4.2079210e-02
   2.3300000e+01   1.7285300e-02
   2.4500000e+01  -1.4260250e-02
   1.2500000e+01   1.6132620e-01
   2.1600000e+01   7.3242190e-03
   2.0750000e+01  -3.6406470e-02
   2.2000000e+01   1.5775640e-02
   1.4750000e+01   3.1694500e-02
   1.5850000e+01   2.9879730e-02
   1.1650000e+01   4.3341210e-02
   1.4950000e+01   1.2369170e-01
   1.6100000e+01   9.3442620e-02
   1.2200000e+01   1.3799860e-01
   1.7250000e+01   1.4300010e-03
   1.3000000e+01   1.1171500e-01
   2.0600000e+01   2.7466940e-02
   2.1700000e+01  -3.3828380e-02
   2.0400000e+01  -3.1283280e-02
   1.9900000e+01   3.5331910e-02
   2.0950000e+01   1.5981950e-02
   1.9050000e+01   1.5441030e-02
   2.0100000e+01  -6.2630480e-03
   1.7600000e+01   7.4303990e-02
   1.8700000e+01   2.5906740e-02
   1.7700000e+01  -7.8394480e-04
   1.9250000e+01   2.8340960e-02
   2.0300000e+01  -4.4186050e-02
   1.5350000e+01   7.0827800e-02
   1.6550000e+01   1.0603350e-01
   1.5400000e+01  -1.1074200e-02
   1.6300000e+01   3.5796770e-02
   1.0650000e+01   1.4167650e-01
   1.4850000e+01   4.7376420e-02
   1.5900000e+01   9.3457940e-03
   1.1200000e+01   9.3548390e-02
   1.2300000e+01   1.1368910e-01
   1.0200000e+01   7.0037990e-02
   1.7800000e+01  -1.1589400e-02
   2.3900000e+01  -9.3141410e-03
   2.4850000e+01  -9.4966760e-04
   1.9900000e+01   1.1921460e-02
   1.8650000e+01   4.8419980e-02
   1.9650000e+01   5.3946050e-02
   2.0400000e+01   2.0278830e-02
   1.9850000e+01   2.1740880e-02
   1.4950000e+01   1.4969410e-01
   1.9300000e+01   2.5125630e-02
   1.5600000e+01   2.4485800e-02
   1.2750000e+01   1.9049630e-02
   1.6350000e+01   9.5137420e-03
   1.1400000e+01   1.2567130e-01
   1.6500000e+01   6.3212440e-02
   1.6150000e+01   4.5960110e-02
   2.5000000e+01   8.8211710e-03
   9.4000000e+00   7.0721360e-03
   1.5400000e+01   3.6269430e-02
   9.7500000e+00   2.1748590e-02
   1.4650000e+01   4.9659860e-02
   1.2200000e+01   1.1612900e-01
   2.3250000e+01  -2.2747580e-02
   1.5150000e+01   1.3455550e-02
   1.6200000e+01   1.2124150e-02
   9.6000000e+00   1.6977930e-02
   1.3600000e+01   5.0041700e-02
   1.1600000e+01   1.1636830e-01
   9.8000000e+00   9.7902100e-02
   1.1900000e+01   2.8985510e-02
   1.1200000e+01  -6.4102560e-02
   9.8000000e+00   4.9907580e-02
